0.11316226682881703 78.60199423015496 96.01814544394448
0.16950408169908215 97.13988590396421 80.78864927746841
0.6707361743710066 60.302957338896114 90.43524334813414
0.8575876592487142 100.29892522123157 82.55904665930268
0.24383096452381114 67.83145212713418 89.45390901775426
0.7453408994810503 112.44937483490614 98.02094888329498
0.8012664019732639 73.57392218713046 82.38746479978057
0.1830470560656634 86.42247966126344 94.99824588198699
0.4255932566721575 87.2360396524753 90.78779805552956
0.539674231284976 60.26108423554877 98.39634552521404
0.9582951380050444 83.96617167956984 88.15416397353316
0.13619314835301366 103.11174393486145 98.29270614323477
0.5793831247283788 82.20826724365958 93.67948758227512
0.4260199621001245 100.15133125714138 86.59165771383799
0.6048540949770578 103.19841016856218 91.15823241322813
0.23304465411946584 86.99972804300558 81.04415894096321
0.22499778864710895 63.70460418509322 98.53572157767097
0.8136232561779825 93.09783741950332 83.49728527264648
0.5836304267844584 106.37246809979881 96.73651629984357
0.6909720332179344 60.46080933151231 93.91458616953113
0.044469729371921285 79.10578207626762 97.51012516216989
0.89608984666375 112.06994622739286 80.60719296917635
0.9112754997496578 106.62433344238914 80.67188359212534
0.061952248647238584 61.25635669233799 96.93578585966884
0.15636956724834594 100.54912619223023 97.83073442276564
0.6888163144844262 100.23438926282623 93.62992120767076
0.755915342721105 102.9689216972606 97.12562251355189
0.371531002392148 62.342637945202846 94.68592597026863
0.30170595323128746 106.00823230764715 84.372907503524
0.4605194769433715 84.13748874070366 98.30015444267133
